100
2 3
1 2
1 2
3 3
1 2
2 3
2 2
3 3
1 1
2 2
1 2
2 2
1 2
1 2
23 23
12 16
1 11
19 20
13 18
8 17
4 18
5 21
1 18
13 19
8 19
3 3
3 15
7 23
3 8
6 7
17 22
18 19
9 12
19 23
15 22
2 10
4 16
19 23
28 24
7 15
4 12
6 17
6 9
13 14
4 20
14 18
2 10
19 23
5 9
1 21
3 8
5 20
6 22
3 23
11 18
5 13
2 22
11 16
4 24
6 16
1 23
8 9
2 5
17 23
6 14
7 17
17 17
100 100
85 89
67 98
54 78
60 91
93 94
77 78
59 89
64 93
74 83
51 56
63 65
56 69
57 58
92 94
54 70
88 99
68 99
87 91
85 94
74 98
70 83
52 55
77 94
58 62
56 90
63 65
50 71
72 97
90 94
55 97
66 67
51 66
84 88
63 76
54 77
63 77
92 99
54 75
62 68
74 91
64 98
51 80
52 73
51 90
89 100
71 76
68 88
84 90
56 75
50 100
57 75
62 65
52 79
86 89
60 80
77 85
90 96
84 99
85 86
85 87
79 81
61 80
56 99
57 63
82 91
69 97
70 70
62 97
82 92
62 93
62 97
70 88
63 85
61 74
60 84
51 59
67 82
76 78
50 89
50 72
77 92
80 96
71 81
54 93
60 67
78 94
60 96
60 65
54 91
56 99
62 85
83 84
68 99
73 97
64 76
50 74
58 70
59 81
54 93
64 74
100 100
56 67
69 88
14 70
65 75
5 31
74 85
55 66
14 27
5 83
7 24
64 100
5 29
17 27
59 64
16 22
34 68
54 60
30 87
27 48
47 76
38 99
71 95
72 86
36 64
14 47
50 55
42 67
32 60
20 35
69 87
39 45
30 65
18 75
65 98
13 60
11 13
59 90
50 51
29 62
24 57
44 76
47 55
57 82
54 64
26 30
52 88
69 81
17 30
35 69
7 74
66 93
13 47
32 71
65 84
19 49
29 47
30 94
16 87
32 97
30 68
5 7
21 72
46 78
15 48
26 42
54 72
66 83
19 28
25 38
60 70
54 61
6 37
19 50
37 74
69 75
61 79
40 41
78 88
5 76
12 54
32 45
13 87
60 60
29 30
5 93
5 22
42 96
11 67
2 63
11 17
25 28
89 97
53 66
11 12
64 74
4 46
16 32
10 31
6 13
10 56
100 100
19 56
38 64
20 85
32 62
33 59
37 82
54 93
7 68
34 63
47 95
33 99
11 41
3 63
68 73
24 52
17 100
96 97
4 60
59 80
47 65
5 25
60 74
13 93
66 72
4 41
15 74
24 32
42 67
24 99
63 83
50 69
14 20
19 83
2 25
43 49
4 49
33 64
100 100
41 91
82 95
47 100
48 82
55 99
42 60
51 74
8 75
57 100
15 89
12 81
33 46
12 70
11 77
18 25
4 85
11 33
27 40
4 9
13 36
45 94
58 62
68 74
45 79
17 81
47 48
85 96
6 18
22 51
28 66
27 62
9 14
13 49
48 71
9 47
33 36
39 51
8 13
31 65
50 54
37 62
12 98
22 50
26 50
20 79
32 77
28 90
71 100
40 89
52 68
63 64
7 84
11 79
6 98
26 92
84 91
38 95
40 65
48 89
10 32
46 72
77 93
100 100
30 32
49 60
6 54
24 64
73 81
42 51
19 24
15 50
40 83
68 92
12 90
73 81
19 24
53 54
36 92
77 94
14 46
59 83
6 54
60 75
71 88
14 46
12 84
6 51
14 67
75 88
13 63
16 92
48 68
51 79
48 68
39 76
53 54
25 44
15 38
12 90
13 63
75 88
45 71
71 88
23 68
12 84
54 87
51 79
3 12
66 96
12 89
49 55
9 78
3 12
9 78
6 41
65 80
11 48
24 64
15 50
2 65
65 80
42 51
68 92
36 92
6 47
16 35
39 76
14 62
6 41
49 60
30 32
54 87
2 65
40 83
19 47
77 94
15 38
45 48
27 46
24 33
14 67
45 48
49 55
16 92
16 35
50 89
19 47
23 68
60 75
12 89
50 89
59 83
6 51
6 47
27 46
25 44
11 48
24 33
66 96
14 62
33 85
45 71
33 85
4 100
33 45
33 46
34 45
34 46
100 100
39 81
66 73
8 83
49 57
50 97
39 95
8 39
32 42
65 71
22 61
36 42
67 73
17 85
56 69
7 89
3 41
55 64
23 33
14 72
52 54
89 91
39 83
19 66
29 94
55 69
21 90
34 53
15 99
56 100
23 80
19 97
2 51
18 43
31 69
1 72
76 100
39 50
25 34
25 64
54 59
13 99
4 38
24 90
20 20
13 45
21 39
15 83
55 87
56 71
5 56
66 94
11 78
56 69
37 79
9 17
65 71
71 90
24 86
9 59
62 95
17 27
58 67
18 84
69 86
6 42
34 44
28 84
8 19
7 97
30 52
36 97
33 87
61 85
28 48
37 85
55 57
1 1
92 97
51 92
8 51
41 93
3 40
27 89
26 49
20 70
6 94
57 76
38 68
55 83
42 45
6 63
30 80
76 89
64 72
39 42
46 69
63 77
81 88
68 70
52 100
100 14
1 9
8 11
3 14
5 9
6 11
1 11
11 12
4 8
11 12
4 14
1 7
2 12
2 7
7 12
1 13
8 13
4 12
8 10
1 12
12 13
2 10
1 4
6 12
5 9
5 14
8 12
9 9
2 5
4 13
2 12
4 11
1 11
11 13
5 14
1 2
4 5
3 9
7 13
7 7
6 9
1 10
6 14
2 10
4 13
9 10
5 7
2 8
8 8
2 11
4 14
1 3
6 6
8 9
5 10
13 14
6 9
6 10
2 14
4 12
2 9
6 10
6 13
6 7
4 5
6 14
8 13
5 8
5 12
2 4
3 11
2 4
13 14
5 6
3 14
1 5
4 6
8 11
1 9
1 14
1 6
1 8
3 5
4 9
3 8
4 8
6 7
1 3
1 10
3 11
7 14
5 12
3 10
12 13
9 13
3 10
4 9
8 9
1 13
2 3
14 14
100 19
12 15
3 6
10 11
5 18
5 19
5 7
2 18
7 11
9 17
4 7
4 13
10 15
1 19
6 7
3 7
2 14
3 5
1 4
6 16
15 18
11 19
1 17
1 18
16 19
7 8
2 19
3 11
1 4
2 9
4 8
12 15
6 14
1 11
4 4
8 9
3 17
1 15
1 12
11 12
9 11
5 19
2 3
2 18
7 10
1 6
8 9
18 18
7 9
6 12
11 18
4 7
17 19
6 15
5 7
3 14
11 13
4 18
1 8
3 15
11 15
11 11
6 10
10 12
1 11
3 17
8 17
4 11
2 19
4 5
5 12
9 9
7 11
3 9
8 10
9 13
2 10
15 18
3 11
10 19
11 17
11 16
9 13
5 9
14 19
8 19
3 7
5 8
7 13
6 7
14 15
15 19
4 19
12 13
2 10
15 19
3 12
4 19
5 18
8 17
8 10
53 82
2 47
4 38
40 63
21 49
63 72
20 51
20 74
35 58
40 64
24 37
9 61
18 40
26 57
46 57
13 38
22 22
17 42
6 75
65 78
31 78
6 78
8 12
37 55
27 75
3 20
23 37
11 47
11 38
41 76
35 66
7 57
28 52
47 50
24 75
76 79
35 50
32 39
32 73
27 46
20 24
3 3
9 37
8 18
4 73
4 7
5 9
45 60
6 64
18 25
33 36
23 54
54 60
4 30
12 4
2 3
2 3
1 4
1 2
2 4
1 2
3 4
2 4
1 3
1 3
3 4
1 4
100 100
2 52
31 55
20 86
18 84
11 64
2 91
23 89
2 52
17 22
49 70
10 48
40 42
23 70
40 42
9 26
29 62
26 44
12 76
70 71
15 61
23 70
20 86
29 92
44 51
24 100
11 64
26 85
29 39
2 91
5 34
49 70
33 86
36 40
67 69
16 27
9 26
5 61
57 95
28 86
25 49
24 100
46 55
14 19
29 39
57 95
10 48
29 87
61 87
46 55
5 15
28 86
15 26
15 26
44 71
5 15
44 71
36 40
16 27
71 90
25 49
38 63
70 71
30 71
30 35
5 34
14 19
74 85
49 91
26 44
44 51
71 90
61 87
49 91
12 76
29 92
31 55
16 93
23 89
67 69
38 63
17 22
30 35
29 87
79 85
15 61
17 23
79 85
16 93
29 86
33 86
39 66
18 84
5 61
30 71
26 85
29 62
17 23
39 66
74 85
29 86
90 10
3 5
3 9
1 3
2 8
5 6
1 2
2 3
5 10
1 8
6 9
2 4
2 7
4 7
1 2
2 5
6 10
2 6
2 8
5 6
1 6
3 10
2 10
6 10
7 10
1 7
7 9
2 7
6 9
6 7
9 10
9 10
5 10
5 8
4 9
1 7
5 8
3 6
2 3
4 7
4 5
8 10
4 10
3 7
2 6
5 9
2 9
5 7
7 8
1 5
2 9
1 3
3 4
5 7
4 8
8 10
6 7
3 9
2 5
4 5
1 8
3 8
1 5
3 10
4 6
8 9
1 10
4 8
1 6
6 8
1 10
5 9
7 8
3 4
3 8
4 6
1 4
1 4
3 7
1 9
2 4
2 10
7 9
1 9
4 9
4 10
8 9
3 5
7 10
6 8
3 6
81 61
46 54
1 58
49 55
28 38
39 43
21 57
15 34
36 54
52 56
26 47
30 54
46 47
19 52
18 55
20 54
29 40
1 24
22 23
28 48
9 41
13 35
16 17
48 50
13 34
1 34
18 32
8 58
5 30
15 29
9 26
50 61
7 51
5 37
23 56
4 58
11 40
44 61
13 20
60 60
13 36
2 41
16 26
34 45
23 28
35 51
20 27
2 15
20 22
18 44
40 56
9 46
24 44
35 41
13 13
40 50
27 51
25 50
40 57
20 44
48 50
21 24
27 27
8 13
55 59
14 27
4 49
11 34
9 61
12 38
35 39
16 23
13 37
8 49
3 36
27 52
27 47
3 38
23 24
46 48
58 61
45 55
100 20
12 14
2 4
6 20
5 14
7 15
5 10
4 7
13 16
9 19
2 19
11 16
5 7
10 20
8 11
17 18
17 18
2 11
4 10
12 17
1 9
9 13
11 20
5 7
5 16
6 12
7 14
9 16
6 9
10 18
6 13
1 5
10 17
6 7
1 2
2 14
17 17
10 20
6 13
12 20
7 14
10 15
2 18
15 17
10 12
11 19
6 9
8 16
1 10
10 14
8 18
12 18
4 17
9 17
3 13
16 17
8 12
5 18
5 9
15 19
3 11
1 8
16 16
2 2
18 20
12 13
11 20
5 10
10 18
6 14
6 12
2 12
5 9
4 10
12 20
8 16
1 17
8 15
14 20
5 16
2 3
3 17
1 17
18 19
6 16
7 16
12 15
2 3
12 18
16 17
7 18
10 11
3 18
1 18
13 15
5 15
9 19
3 12
10 12
6 20
9 17
25 49
3 23
14 23
35 45
21 45
24 46
3 29
4 5
1 49
17 46
25 44
35 37
7 11
23 30
32 37
16 34
2 17
5 12
1 37
5 21
22 34
18 30
28 42
29 36
39 40
2 5
93 46
9 11
9 32
6 36
22 29
26 35
9 30
15 18
23 40
23 33
3 34
4 30
4 22
34 44
22 26
23 34
5 22
17 28
30 35
36 42
26 45
6 23
12 27
11 24
40 42
22 28
17 34
19 32
3 27
33 45
15 21
39 43
32 32
25 28
13 35
25 30
1 12
25 40
34 36
2 20
18 43
10 15
15 46
3 46
14 41
6 46
22 38
6 8
4 9
33 43
4 43
24 38
1 10
6 32
4 10
9 28
9 44
15 21
14 31
5 14
9 31
33 44
5 15
22 40
21 25
16 37
4 34
3 24
20 33
14 26
21 34
10 14
7 29
1 18
16 37
23 40
30 38
27 36
3 42
33 42
26 31
29 39
21 27
1 41
8 24
23 42
10 45
19 41
5 25
24 24
7 17
27 45
19 44
1 16
32 56
7 23
29 31
6 35
11 34
15 29
17 39
39 53
26 38
10 24
2 15
13 40
27 40
18 29
11 29
10 18
1 16
8 22
18 35
4 29
15 44
9 21
15 39
51 52
17 34
6 7
21 36
5 33
49 56
27 34
36 55
26 42
1 13
100 100
30 99
58 87
4 81
55 95
95 100
69 98
5 55
11 31
16 30
37 45
7 83
1 87
56 91
15 52
7 64
11 58
17 95
55 82
33 64
17 29
11 82
24 96
55 82
30 99
24 40
69 98
19 73
2 83
22 52
4 81
54 88
81 87
71 76
78 90
40 54
11 31
23 66
7 83
31 94
35 60
7 49
33 64
24 96
23 40
38 86
15 52
17 29
23 40
89 92
71 76
5 69
35 54
7 49
89 92
56 91
55 95
11 82
12 13
48 70
7 64
19 81
9 68
22 52
31 94
48 68
28 67
2 83
95 100
28 67
35 60
5 69
23 66
35 54
58 87
29 52
81 87
19 73
19 81
60 88
38 86
48 68
16 30
40 54
85 98
49 79
54 88
17 95
1 87
49 79
29 52
48 70
85 98
12 13
37 45
78 90
11 58
60 88
24 40
5 55
9 68
54 99
12 15
7 84
54 96
50 52
67 71
17 43
30 66
74 77
28 69
40 48
88 89
27 28
39 49
32 99
36 91
29 40
53 98
19 98
21 79
42 58
17 34
82 88
35 49
34 95
8 11
22 55
66 82
22 38
19 93
33 93
39 62
33 49
2 28
23 68
15 80
34 77
56 91
15 17
16 82
31 67
33 71
8 71
55 74
7 32
33 86
23 44
45 95
36 84
27 86
2 66
30 44
38 68
3 38
30 74
12 22
1 18
10 20
5 7
3 20
13 14
2 10
8 11
6 16
3 10
12 21
20 22
12 15
16 100
32 59
30 57
31 60
32 57
30 59
33 58
30 60
32 58
33 57
31 58
33 59
31 57
30 58
33 60
32 60
31 59
100 100
51 55
70 96
91 96
72 93
93 94
83 99
92 97
51 68
71 86
60 84
75 89
70 89
52 75
59 75
57 75
95 96
67 83
54 60
63 83
79 94
72 73
57 65
72 90
54 96
65 79
84 95
85 96
63 97
61 89
69 93
73 90
73 85
66 68
89 91
86 94
73 90
61 87
55 97
55 88
62 82
76 92
57 74
54 96
60 91
62 72
67 82
63 64
55 66
83 96
62 83
76 86
55 92
82 89
88 98
67 76
63 89
97 99
51 55
50 91
69 91
56 68
58 71
62 86
66 73
50 92
61 97
60 90
53 84
59 69
82 100
97 97
87 90
55 78
66 72
71 97
84 97
64 87
50 84
51 93
50 94
88 91
63 100
71 87
50 98
78 100
67 84
66 83
60 71
54 99
83 91
78 92
87 99
55 69
82 83
50 77
53 62
77 94
56 74
56 75
67 98
57 37
2 5
18 28
4 14
3 8
5 24
8 28
12 31
10 20
2 14
12 13
23 30
22 37
31 33
4 27
4 26
21 27
1 2
11 32
16 30
16 33
2 21
10 30
5 13
4 16
17 37
27 37
15 36
4 8
2 32
3 24
15 36
18 22
19 34
6 20
1 6
21 35
2 24
1 31
7 17
1 12
5 8
7 25
2 19
19 33
10 30
13 34
1 13
3 34
2 27
7 31
2 4
11 21
19 27
2 15
9 19
14 35
5 18
4 2
1 2
1 1
2 2
1 2
100 100
68 91
4 55
13 68
5 24
62 68
46 58
17 71
87 90
29 54
70 84
87 90
53 65
7 98
37 89
22 78
51 67
6 63
13 68
68 91
70 96
29 54
14 88
9 100
75 97
39 96
1 10
32 93
53 65
38 56
70 96
16 82
9 100
32 90
9 22
16 82
10 33
22 78
13 83
48 93
21 46
49 51
9 95
13 83
62 66
37 89
18 83
36 76
10 21
17 71
25 86
70 90
6 49
9 95
29 58
1 10
70 90
32 93
75 97
36 97
1 25
15 93
18 83
29 58
3 73
6 49
26 97
9 22
48 93
62 68
68 76
51 67
3 73
5 24
21 46
62 66
49 51
57 94
25 86
39 96
21 91
14 88
38 56
21 91
46 58
4 55
36 97
24 37
36 76
10 33
26 97
68 76
1 25
32 90
24 37
15 93
10 21
6 63
70 84
7 98
57 94
46 83
12 65
43 73
66 82
24 68
23 39
22 37
43 62
20 82
2 44
9 19
19 73
9 62
1 29
30 65
14 53
31 43
10 83
11 71
51 57
14 72
56 71
69 79
4 60
17 62
6 33
32 36
26 69
30 62
4 46
36 60
9 48
25 32
8 19
53 78
5 46
45 82
49 50
34 57
9 17
20 58
9 28
59 82
57 70
54 58
19 49
25 81
100 100
8 61
73 73
10 55
28 66
3 58
23 44
28 65
46 67
18 93
25 38
51 56
54 58
28 35
21 81
39 78
61 83
35 76
59 99
20 22
30 86
16 47
77 100
8 82
39 99
35 87
8 16
26 84
2 36
4 9
22 35
10 87
73 95
34 71
64 70
61 84
24 32
56 89
27 66
62 67
8 42
15 19
30 72
37 51
13 88
50 66
24 32
31 98
1 98
21 38
36 84
15 22
37 50
71 99
24 48
22 42
38 89
73 91
31 87
60 93
91 95
4 41
38 56
59 72
16 18
1 84
30 84
13 94
3 88
11 86
16 28
13 36
11 25
38 74
27 69
8 51
20 82
25 29
17 89
27 50
54 84
20 58
3 52
29 41
4 32
18 89
57 64
34 89
43 66
91 97
32 48
15 27
3 56
34 69
36 38
6 40
43 44
56 75
18 81
9 37
45 70
100 100
61 62
5 59
42 72
10 47
32 79
41 46
48 90
4 43
38 93
14 24
64 92
66 75
41 46
1 31
58 68
6 40
32 79
36 60
26 93
71 89
17 74
17 74
46 80
19 84
55 59
69 80
48 90
17 56
9 53
12 98
34 55
49 66
13 29
6 40
17 56
38 93
14 24
69 80
41 77
21 72
59 77
48 51
19 98
48 51
71 89
80 81
38 57
3 61
3 7
42 72
49 66
46 80
64 98
19 98
19 51
16 73
21 72
72 90
16 73
84 90
44 59
3 61
21 32
36 80
12 98
39 76
53 55
26 93
19 84
84 90
59 77
64 98
53 55
55 59
21 32
41 77
1 31
10 47
5 59
61 65
61 65
61 62
80 81
39 76
44 59
64 92
13 29
4 79
66 75
36 80
4 43
19 51
38 57
4 79
34 55
3 7
72 90
36 60
9 53
58 68
100 100
89 97
80 85
78 98
91 95
52 63
61 98
58 98
62 64
61 69
63 68
74 94
79 79
93 100
75 91
54 72
76 77
61 92
73 91
82 97
78 98
64 80
62 68
52 76
57 74
68 81
62 88
57 95
51 100
74 79
53 83
61 67
59 96
88 95
53 76
51 65
55 93
60 97
66 97
72 79
50 52
58 75
65 71
64 87
83 93
84 87
59 59
73 76
58 76
65 94
54 58
50 88
73 79
61 64
86 98
66 70
66 87
50 96
78 97
83 95
55 61
95 95
67 81
62 82
62 90
77 77
85 87
93 95
52 76
62 96
51 86
87 100
50 56
58 60
57 75
74 92
63 71
52 80
72 83
69 98
66 92
53 65
50 67
68 72
55 59
75 92
55 74
73 90
55 91
93 94
68 72
53 60
54 69
94 100
57 73
58 63
62 63
64 75
53 64
51 56
73 100
30 6
1 4
3 6
1 6
1 5
1 2
1 3
5 6
3 5
2 6
2 4
4 5
2 5
4 5
1 2
4 6
3 4
2 3
2 3
4 6
3 5
1 4
1 5
5 6
2 5
1 3
2 6
2 4
3 6
3 4
1 6
2 2
2 2
1 1
100 17
6 16
8 12
2 3
4 10
5 10
8 8
4 10
10 14
17 17
1 8
2 14
5 15
8 14
9 12
15 16
16 17
2 17
2 3
10 13
4 8
1 3
4 13
3 14
1 10
2 12
6 14
7 16
7 15
3 10
11 13
3 16
10 11
3 5
5 9
3 10
5 13
3 7
1 13
5 6
9 15
9 16
6 7
7 14
4 6
3 14
12 15
1 16
2 6
7 8
8 9
5 17
10 15
4 14
2 7
5 8
10 17
9 16
5 10
3 8
4 16
11 17
4 11
7 16
4 5
7 11
3 9
9 12
12 12
3 5
4 17
5 14
7 17
14 16
4 17
2 12
9 9
4 5
8 15
6 16
1 14
10 17
9 11
6 14
7 9
6 13
10 11
9 11
7 10
11 12
2 15
9 10
2 7
11 16
13 14
15 17
1 10
12 16
4 6
3 12
13 14
100 100
33 50
58 77
20 87
55 68
17 20
7 31
31 46
18 27
25 58
31 46
6 49
37 87
36 40
49 61
36 40
52 91
27 37
23 67
25 58
33 50
15 81
23 67
37 87
6 88
38 48
70 84
20 75
8 82
3 71
18 27
58 77
6 96
35 95
16 28
61 80
21 88
46 81
24 74
22 61
17 20
6 49
24 59
32 33
55 68
8 69
6 96
16 28
27 70
33 94
57 92
27 69
25 44
49 66
32 33
35 71
12 82
57 92
63 93
3 71
24 59
20 75
8 82
8 69
52 91
24 80
38 48
6 88
40 88
24 74
24 80
49 66
27 69
1 21
83 84
52 93
52 93
83 84
63 93
61 80
21 88
12 82
70 84
7 31
65 81
45 48
25 44
46 81
27 70
20 87
49 61
33 94
15 81
45 48
1 21
35 95
35 71
22 61
40 88
65 81
27 37
36 100
29 44
33 42
29 42
28 43
30 44
29 47
33 45
31 42
31 44
33 43
30 46
32 42
31 46
29 45
33 46
32 46
31 45
32 43
29 46
32 44
31 47
33 47
28 45
28 47
32 47
33 44
28 46
30 43
32 45
30 47
30 42
30 45
31 43
28 44
29 43
28 42
100 100
16 51
21 53
17 48
20 57
19 51
20 56
23 51
18 50
23 56
21 52
15 57
20 51
17 54
24 51
15 48
16 54
21 49
17 50
22 50
17 49
15 52
15 56
16 49
15 50
19 50
19 53
22 55
23 53
20 55
24 56
23 49
20 50
19 56
21 50
23 55
16 53
16 48
20 54
22 57
18 56
16 50
16 52
15 55
22 54
23 54
24 55
16 56
21 57
19 49
20 53
21 48
18 51
15 51
24 52
19 52
17 55
18 49
22 53
23 50
17 51
24 48
17 52
23 57
17 57
21 54
24 49
22 56
22 48
22 49
19 48
16 55
23 52
21 55
22 52
24 54
18 54
15 53
18 55
19 57
24 57
23 48
18 52
24 53
19 55
20 49
21 56
15 49
19 54
16 57
17 56
18 53
24 50
17 53
18 57
15 54
22 51
20 52
21 51
18 48
20 48
20 97
72 76
55 97
64 93
19 69
43 90
6 77
74 86
31 38
21 78
39 63
2 38
51 91
7 41
34 95
31 47
2 97
44 64
36 61
6 62
14 66
100 100
14 90
32 86
4 85
14 90
1 22
14 74
67 92
61 76
28 92
14 36
50 54
41 70
65 90
38 92
61 76
67 85
14 36
28 92
8 64
11 56
14 39
67 85
67 75
33 42
69 70
40 48
32 53
58 63
17 81
14 74
14 33
74 78
15 66
15 66
27 99
53 96
33 42
14 33
38 92
1 22
65 67
75 99
33 68
42 49
2 49
57 86
35 40
10 45
67 92
90 92
77 93
69 86
11 66
65 90
11 66
35 40
57 91
1 69
67 75
10 45
42 49
23 90
69 70
50 91
14 35
77 93
40 48
74 78
17 51
90 92
17 51
33 68
2 49
69 86
23 90
14 35
32 86
28 33
41 70
75 99
65 67
28 33
37 97
32 53
37 62
57 86
58 63
37 62
27 99
53 96
14 39
50 91
1 69
37 97
57 91
8 64
11 56
17 81
50 54
4 85
100 100
6 31
11 96
15 91
26 33
28 38
19 30
88 100
15 87
9 68
79 97
1 11
79 89
31 39
66 87
29 80
31 68
44 96
48 62
22 97
87 94
15 88
61 87
73 78
61 94
16 77
24 69
6 84
44 91
19 48
20 100
10 12
45 93
23 73
76 97
8 15
51 57
7 82
57 63
7 23
26 31
33 72
32 68
37 45
20 53
40 67
12 42
75 94
4 98
26 45
46 76
76 79
67 77
14 17
6 10
6 85
3 49
33 96
32 37
4 8
8 61
6 51
77 85
62 93
27 92
44 86
64 82
48 64
19 22
66 93
27 89
5 37
19 20
26 77
10 47
7 28
32 33
31 95
7 28
46 56
60 78
31 45
78 86
11 23
56 58
41 71
18 89
32 71
76 87
44 52
38 50
28 73
66 93
63 72
55 78
37 78
12 77
94 95
84 94
44 52
48 81
100 100
7 94
25 76
33 68
15 86
13 88
21 80
6 95
46 55
26 75
35 66
6 95
40 61
27 74
5 96
18 83
12 89
16 85
47 54
38 63
8 93
10 91
50 51
42 59
39 62
10 91
35 66
29 72
15 86
39 62
9 92
24 77
11 90
36 65
4 97
23 78
22 79
43 58
45 56
43 58
30 71
18 83
1 100
19 82
49 52
49 52
9 92
4 97
41 60
29 72
48 53
42 59
46 55
32 69
14 87
8 93
28 73
5 96
41 60
26 75
32 69
34 67
33 68
20 81
14 87
20 81
47 54
21 80
12 89
22 79
31 70
45 56
40 61
44 57
2 99
17 84
13 88
11 90
16 85
44 57
27 74
23 78
37 64
30 71
3 98
34 67
19 82
28 73
3 98
24 77
38 63
48 53
25 76
2 99
31 70
36 65
1 100
7 94
50 51
37 64
17 84
100 100
73 83
21 68
59 82
26 62
92 94
33 86
26 62
3 78
80 95
73 88
62 86
33 83
43 52
41 68
33 40
7 48
9 78
30 73
73 83
52 97
30 73
34 70
83 85
55 84
41 68
33 55
59 82
92 94
57 84
49 86
32 92
50 89
80 95
18 39
57 84
37 87
44 99
18 39
34 58
44 99
30 37
50 83
83 85
50 89
36 93
25 49
30 37
5 16
34 70
34 58
77 99
50 83
33 55
33 83
37 87
2 38
77 99
25 34
25 49
21 56
9 78
47 74
13 76
13 76
62 86
26 27
55 84
3 28
36 93
74 77
32 92
26 27
23 32
7 48
18 61
38 71
5 16
83 89
43 52
49 63
83 89
18 61
33 86
38 71
65 91
47 74
49 63
73 88
52 97
3 28
21 56
2 38
49 86
3 78
23 32
74 77
21 68
33 40
25 34
65 91
27 81
30 50
34 55
28 57
37 75
65 66
27 47
69 71
35 37
54 69
11 24
38 68
25 50
16 28
48 81
39 58
33 78
58 72
27 38
39 62
38 54
3 26
53 67
37 56
1 13
18 70
60 70
18 80
29 95
10 91
25 90
59 66
40 68
60 85
61 82
10 35
80 95
14 62
12 54
33 87
8 83
21 63
15 21
44 68
47 76
36 70
2 38
37 59
33 67
53 54
23 36
43 51
84 93
25 32
31 51
38 87
40 86
32 34
6 62
18 59
41 47
49 50
10 33
6 19
14 51
66 89
24 88
21 64
50 89
26 77
52 84
8 83
50 70
38 85
54 67
19 71
43 83
47 82
64 80
37 53
3 10
18 58
11 20
42 70
59 62
2 62
52 60
10 40
10 78
4 80
42 54
16 34
20 34
47 52
2 31
12 33
9 60
12 80
70 88
8 51
12 60
9 32
1 60
18 81
21 34
41 66
46 48
43 72
14 58
48 61
1 77
26 31
75 83
16 87
37 49
30 87
14 18
1 46
15 79
20 51
52 87
55 68
27 84
26 29
16 35
3 78
34 71
47 61
13 84
32 69
1 22
52 71
100 100
51 69
1 23
23 68
14 67
64 97
36 77
25 96
7 54
17 56
35 43
54 78
23 36
35 88
9 84
4 72
40 67
19 83
35 96
40 85
4 28
7 89
39 98
70 91
74 95
2 16
82 84
30 95
1 76
52 99
9 35
39 80
40 72
43 45
32 47
73 85
34 96
14 100
20 99
39 45
42 48
97 98
46 51
40 48
4 55
49 100
16 46
6 14
12 38
36 88
51 69
26 88
41 73
47 98
21 44
78 88
33 89
43 75
85 86
28 78
15 35
46 70
73 82
37 60
4 91
66 81
7 42
8 76
20 98
26 46
1 85
22 54
89 92
22 50
40 99
8 32
32 69
34 35
60 71
26 68
10 52
57 70
87 92
27 68
13 37
36 62
55 68
16 46
11 29
18 99
6 26
56 67
94 99
6 12
32 92
36 70
72 100
29 58
52 62
17 100
75 93
3 3
2 2
2 3
3 3
43 61
18 31
6 15
9 32
26 61
27 28
55 59
13 14
17 48
43 48
18 47
15 60
21 28
19 46
8 55
12 16
14 60
6 58
21 28
15 21
21 23
38 54
54 56
15 18
14 32
11 35
11 55
15 52
5 21
23 51
26 54
4 60
25 59
4 31
58 61
1 16
3 43
18 30
52 60
21 40
28 53
47 60
13 22
7 54
80 71
11 31
20 38
33 44
13 18
33 65
39 61
1 68
16 47
54 58
22 55
26 65
10 65
37 56
4 65
16 48
12 32
16 67
8 24
32 40
26 71
38 68
11 68
6 15
3 13
29 43
51 66
66 66
11 41
42 60
8 57
12 59
2 56
12 26
34 39
49 60
20 40
56 64
24 71
18 60
16 36
30 46
7 42
1 64
12 38
10 11
6 59
7 7
12 16
18 51
9 10
38 71
18 20
31 63
52 59
44 60
1 45
20 58
47 69
39 43
47 50
11 60
8 70
35 69
7 44
7 42
21 57
8 59
44 70
9 47
15 24
4 51
40 53
25 63
36 53
2 54
37 59
13 44
1 22
48 69
53 58
41 63
9 61
36 56
3 30
42 48
8 58
16 21
47 63
10 34
3 48
19 33
5 40
23 26
30 31
4 23
58 60
17 59
7 13
13 62
3 33
42 53
22 37
22 29
25 53
57 60
16 47
27 35
56 60
12 32
14 42
19 48
20 47
22 27
13 21
31 54
7 63
1 38
33 63
24 30
56 57
10 29
10 41
100 100
1 35
89 98
11 54
32 56
6 36
37 67
37 38
38 64
16 98
21 72
72 92
61 69
41 94
18 79
76 92
57 79
79 90
2 7
51 58
51 93
12 63
3 99
35 35
10 73
17 95
27 66
16 37
33 52
27 27
63 93
22 67
20 40
7 51
61 70
26 56
15 67
7 13
25 36
10 99
4 7
3 80
24 68
67 77
48 87
20 64
27 90
49 61
70 88
60 89
52 75
85 99
38 38
21 42
21 52
62 81
59 95
7 29
31 85
18 43
29 85
72 72
47 64
2 14
16 96
40 47
12 44
55 90
39 60
30 64
18 80
18 64
67 87
1 79
41 73
64 83
70 76
20 81
53 81
40 77
35 92
1 35
1 92
47 72
37 63
7 11
20 62
66 93
54 85
61 96
22 77
69 69
35 37
10 42
17 87
25 57
56 64
28 72
25 61
35 80
70 87
56 8
5 7
2 8
5 7
2 3
2 6
1 3
1 8
4 6
1 7
2 3
2 8
1 8
1 4
2 6
1 6
7 8
5 8
2 4
3 7
3 5
4 6
5 6
2 5
4 7
1 7
2 5
6 8
1 5
3 6
2 4
7 8
5 8
4 5
2 7
6 8
5 6
3 4
4 8
1 3
4 8
3 8
1 6
3 6
1 2
3 5
3 8
1 2
3 4
1 5
6 7
4 7
3 7
1 4
6 7
4 5
2 7
100 11
7 10
2 2
4 11
7 8
1 2
7 8
4 5
4 10
3 11
2 3
3 5
1 2
3 6
1 3
4 9
5 11
3 9
4 11
2 4
3 7
4 6
2 9
3 4
4 10
2 6
5 6
3 3
10 11
7 11
3 11
6 10
1 5
4 8
2 10
1 8
2 9
4 5
5 9
1 4
1 9
10 10
9 9
3 8
7 11
9 11
6 9
2 11
3 7
5 8
5 10
1 11
3 6
2 6
5 7
1 3
4 8
3 10
1 11
2 4
8 11
6 10
1 5
1 8
6 11
5 5
7 9
6 7
5 6
9 11
2 11
2 5
2 8
7 9
4 9
4 4
1 7
6 11
6 7
2 10
1 1
8 9
3 4
1 10
7 10
1 4
2 7
2 7
9 10
8 11
1 10
5 10
7 7
3 9
5 9
1 9
1 7
3 5
5 8
6 8
9 10
30 92
2 74
42 44
4 77
73 92
50 59
35 45
11 19
9 84
51 59
39 64
51 82
46 54
69 86
20 86
33 45
28 76
10 52
42 45
58 83
50 86
43 56
71 90
52 74
13 69
32 38
2 38
27 36
66 70
4 33
21 68
100 100
13 48
82 84
40 88
21 100
35 81
62 78
39 63
14 24
47 100
21 78
15 35
23 93
45 99
31 64
17 54
53 54
47 62
46 82
24 88
7 96
24 98
30 64
13 32
8 49
7 92
26 63
11 86
38 60
13 89
49 86
4 25
7 94
18 97
28 47
49 99
36 78
17 97
53 56
71 75
2 49
45 71
29 72
59 96
40 92
4 32
70 94
41 58
11 23
49 95
24 38
3 10
23 100
46 100
41 56
2 97
9 100
61 68
56 74
56 82
13 91
62 87
5 10
42 83
54 98
11 16
22 29
50 65
3 94
53 77
75 100
26 79
33 87
22 81
41 86
14 70
30 74
66 90
28 66
42 74
29 49
50 61
1 47
65 95
29 50
77 91
1 28
26 93
1 67
55 63
15 45
12 49
16 24
7 52
56 78
9 97
6 31
59 59
24 24
49 80
7 31
61 77
38 47
24 70
5 39
4 16
10 50
66 69
11 49
21 42
8 75
38 54
36 61
24 46
13 50
46 58
5 19
7 32
36 64
32 57
3 36
35 64
31 46
4 66
29 40
10 15
13 52
15 52
17 29
58 68
60 76
33 50
11 36
4 58
24 57
50 63
6 31
2 52
33 35
36 66
5 26
35 58
56 61
29 62
1 76
11 16
20 75
50 54
19 67
39 45
23 74
57 70
27 32
3 43
30 52
6 26
38 67
12 70
36 66
20 42
11 30
2 53
18 26
100 16
6 9
3 14
15 16
6 13
6 10
4 6
2 6
6 14
5 13
3 3
5 8
1 16
2 8
7 8
5 10
7 8
7 16
3 11
11 14
3 12
8 15
5 11
3 13
10 11
9 11
5 15
14 15
8 16
1 5
1 2
1 5
10 13
1 12
12 13
3 4
1 11
5 8
13 16
4 16
6 12
7 14
2 8
1 15
6 12
2 12
13 15
2 4
3 7
10 15
2 9
3 8
7 10
9 10
9 15
1 3
6 11
2 6
5 11
11 15
3 4
8 9
4 13
3 7
3 6
6 16
3 9
9 12
13 15
4 14
2 11
12 13
12 12
6 9
7 10
3 16
10 15
3 10
4 8
1 7
5 13
11 14
4 12
6 16
5 7
12 15
10 14
2 16
11 12
9 11
6 11
6 6
4 12
4 4
4 14
2 4
13 16
16 16
2 10
1 7
9 14
9 3
2 3
1 3
2 2
1 1
3 3
1 2
2 3
1 3
1 2
100 100
69 95
8 58
85 87
8 15
9 92
12 73
59 73
62 94
49 98
11 85
63 92
4 4
54 81
6 57
32 64
76 80
6 8
9 54
40 66
76 81
7 77
54 88
15 39
3 11
4 42
11 28
78 91
22 37
27 62
46 51
26 38
6 58
18 84
43 59
9 33
69 74
39 54
77 96
43 85
25 70
25 58
37 93
22 47
16 45
64 92
70 95
1 66
35 72
18 58
73 77
85 88
24 93
33 69
28 59
41 90
46 88
59 74
43 92
3 9
26 98
56 73
25 80
4 89
63 76
1 22
24 76
8 35
65 76
3 41
14 81
42 88
43 48
75 93
21 28
12 32
29 78
48 52
17 21
57 74
35 59
66 79
11 28
14 80
40 94
4 12
10 79
24 58
3 17
6 54
70 100
32 90
25 60
12 42
8 21
50 92
58 88
39 58
6 27
2 7
53 93
100 100
7 33
7 77
14 42
31 79
55 74
87 87
16 60
34 60
32 61
39 55
41 68
43 95
42 97
12 75
31 36
18 29
17 93
23 77
9 75
94 95
88 89
19 54
44 68
28 80
60 100
7 44
7 21
13 58
24 59
8 90
15 31
66 72
95 97
38 81
45 90
44 95
89 94
91 98
17 70
1 22
19 58
16 100
50 100
33 100
11 65
10 95
48 86
82 92
58 94
41 93
55 97
1 78
9 24
37 93
7 93
6 12
6 59
25 29
2 86
32 63
43 91
18 83
48 76
34 76
36 99
56 96
20 57
2 70
18 73
7 65
29 54
18 45
6 43
79 83
4 13
11 58
32 61
78 93
6 30
81 91
14 100
30 75
49 75
6 31
23 82
49 96
13 87
15 98
34 73
34 42
42 77
22 46
1 56
47 100
17 78
20 29
24 66
25 35
69 89
43 83
100 100
32 89
61 66
11 57
48 53
48 54
3 41
59 70
44 81
17 57
13 17
35 58
62 83
19 63
16 31
45 86
6 20
26 44
15 38
5 70
32 65
60 70
65 94
35 46
9 46
18 84
23 70
23 41
22 72
47 97
18 68
39 81
6 93
5 20
7 69
28 71
63 84
5 90
4 15
79 80
39 72
79 80
18 39
37 99
10 86
25 54
88 98
71 88
48 67
18 48
12 52
30 57
24 86
67 74
4 93
34 67
55 86
53 70
11 20
19 33
86 97
26 72
21 83
2 67
48 60
54 66
43 57
29 50
70 74
10 23
77 91
40 48
26 56
74 77
16 50
42 44
55 94
32 94
10 62
53 62
54 70
21 52
58 67
15 64
20 75
15 90
7 92
2 46
62 73
46 95
14 51
17 82
5 74
20 98
14 24
34 44
3 79
44 52
53 95
12 35
58 72
100 100
6 91
9 96
15 31
76 93
79 85
11 89
36 62
4 9
22 24
33 41
44 90
34 93
31 70
48 50
8 99
15 37
65 76
14 67
28 66
25 90
28 48
81 81
19 70
3 35
22 72
8 82
64 65
42 42
65 100
35 51
60 76
79 98
51 77
38 70
28 30
21 71
9 56
11 91
18 98
91 96
83 84
77 86
62 95
18 44
9 17
17 91
30 31
71 87
69 78
13 17
35 85
54 66
16 17
9 43
13 66
16 95
47 72
17 72
22 87
17 18
85 94
9 44
5 65
21 28
15 65
7 71
9 51
20 49
22 60
31 88
20 91
3 93
85 88
17 67
49 52
7 9
3 65
31 85
22 75
19 20
46 51
49 81
16 84
35 57
7 86
10 27
33 69
23 89
60 84
7 95
22 56
3 46
83 93
11 59
15 45
40 98
31 74
80 88
67 78
36 63
100 100
10 68
9 15
31 66
6 36
1 41
13 52
22 26
46 54
21 32
46 72
34 55
6 12
71 94
44 76
1 23
4 81
16 68
10 73
18 23
36 42
47 48
86 97
93 95
46 59
48 53
63 67
10 69
1 46
6 78
48 87
8 71
19 22
2 99
16 35
3 10
50 84
2 94
9 36
25 67
41 98
48 97
6 50
27 48
27 64
7 62
70 91
26 56
32 98
3 98
34 65
35 59
12 19
17 82
17 60
16 52
98 99
12 54
35 46
24 27
18 86
59 91
18 85
32 33
83 85
12 14
17 31
50 76
10 39
61 88
2 64
43 97
58 86
49 66
19 34
5 94
49 53
44 62
48 70
37 85
32 61
51 70
28 38
19 30
38 50
6 48
64 94
1 36
1 56
21 24
4 11
39 43
17 88
33 42
5 99
27 54
55 91
20 68
33 53
5 82
35 64
100 100
14 93
5 86
10 29
27 93
56 75
48 92
19 81
12 23
31 69
73 100
70 87
55 72
2 47
19 57
10 70
93 96
17 98
45 68
54 59
24 43
29 67
35 83
37 75
5 29
8 100
23 95
55 59
84 84
7 41
39 85
35 37
2 26
11 73
5 29
29 92
32 94
48 73
81 93
42 48
7 20
65 95
34 49
1 38
50 74
18 28
98 99
42 77
19 31
47 72
66 79
85 91
35 53
29 76
3 19
11 40
18 67
15 28
88 96
9 99
12 95
45 89
90 100
26 76
2 99
1 67
34 92
52 79
54 77
20 94
24 81
16 73
46 99
9 93
76 84
16 100
4 81
16 83
68 100
38 67
19 30
60 92
17 67
57 76
13 31
45 97
27 93
15 83
17 66
8 86
78 90
17 72
60 89
42 84
64 97
37 49
61 63
12 22
65 78
62 96
1 11
100 15
2 2
1 15
1 6
10 14
3 4
10 15
14 15
2 6
5 13
6 9
2 10
13 15
3 14
8 11
5 5
11 14
11 13
5 9
2 13
5 10
4 6
11 14
7 13
13 15
5 7
2 9
5 6
1 13
6 13
2 12
6 11
4 4
6 10
1 14
1 7
10 14
8 12
4 8
1 14
2 4
7 8
1 15
6 8
1 13
1 5
6 8
1 11
5 12
2 12
1 10
4 6
2 8
7 14
6 13
6 12
1 9
5 13
14 14
10 12
6 15
4 7
5 14
2 8
3 4
3 12
11 11
8 12
4 11
5 12
12 14
7 13
7 8
3 10
5 9
1 3
4 7
3 7
1 8
2 9
2 3
3 9
7 7
3 8
1 6
11 15
7 10
11 13
1 8
6 12
3 10
3 8
5 15
9 10
9 9
5 6
12 15
15 15
3 13
8 8
6 14
60 68
14 48
56 57
4 26
13 20
17 68
27 49
30 61
26 48
20 25
11 33
12 67
31 61
19 28
19 39
19 36
29 59
9 16
16 18
46 62
16 45
19 34
3 58
22 49
37 43
6 45
3 67
45 55
32 51
12 38
16 20
31 44
33 36
13 29
3 4
6 63
35 56
37 46
31 45
10 28
14 53
31 68
23 64
53 63
3 13
23 53
26 37
43 61
52 55
9 49
20 63
8 65
44 57
1 32
25 35
11 24
10 60
21 39
56 57
20 46
18 58
100 100
40 41
52 53
23 24
54 55
25 26
58 59
20 21
31 32
62 63
33 34
90 91
57 58
37 38
15 16
71 72
6 7
66 67
44 45
81 82
24 25
49 50
41 42
8 9
91 92
98 99
97 98
65 66
9 10
56 57
30 31
43 44
29 30
26 27
35 36
12 13
75 76
22 23
53 54
2 3
59 60
32 33
38 39
21 22
60 61
89 90
84 85
92 93
46 47
27 28
74 75
17 18
69 70
88 89
82 83
45 46
3 4
72 73
7 8
96 97
14 15
93 94
73 74
1 100
51 52
18 19
77 78
76 77
94 95
85 86
99 100
87 88
55 56
42 43
5 6
67 68
39 40
79 80
10 11
95 96
68 69
11 12
83 84
1 2
64 65
4 5
47 48
48 49
34 35
19 20
80 81
16 17
63 64
28 29
78 79
50 51
86 87
13 14
61 62
36 37
70 71
2 67
4 39
9 22
36 13
4 9
12 13
8 8
4 13
2 9
1 4
7 13
7 10
4 9
4 13
2 9
6 13
7 11
8 10
1 9
2 10
6 7
7 10
6 11
8 9
3 9
3 9
6 8
5 7
9 11
6 8
4 11
5 6
1 6
1 2
5 7
3 7
4 8
7 12
11 13
5 11
36 6
4 6
4 4
2 4
3 6
1 5
2 3
3 3
5 6
2 5
3 5
1 2
4 5
3 4
3 6
1 3
2 3
1 2
4 6
1 4
2 5
2 6
2 4
3 4
1 6
2 6
1 3
5 6
1 6
3 5
6 6
4 5
5 5
2 2
1 1
1 5
1 4
100 10
6 7
2 8
1 5
5 8
2 9
1 6
8 10
4 8
4 9
4 10
1 10
2 5
1 9
4 6
4 7
1 3
4 10
3 10
1 8
3 6
5 6
6 8
2 4
3 8
10 10
2 7
1 2
3 10
6 9
4 8
6 9
2 10
1 8
8 10
7 7
1 4
7 9
2 8
4 5
3 9
1 1
2 9
7 8
3 4
3 9
7 8
6 10
2 4
2 6
4 5
4 6
6 6
3 3
1 2
7 10
3 7
7 9
5 9
2 3
2 6
2 5
2 7
5 7
5 10
4 4
5 5
3 4
6 8
5 7
6 7
6 10
1 6
4 9
9 10
2 2
8 8
5 6
1 5
8 9
4 7
7 10
1 7
1 10
1 4
1 3
1 7
8 9
9 10
1 9
2 3
3 7
3 6
3 5
5 9
3 8
3 5
9 9
5 8
2 10
5 10
100 18
8 10
8 15
1 17
2 16
5 7
2 7
3 4
3 6
7 18
1 6
13 16
11 13
10 16
3 6
6 7
3 18
10 17
5 9
15 16
8 15
1 7
4 10
7 14
5 15
2 10
3 9
9 14
6 12
16 16
13 17
6 16
1 5
1 8
9 18
15 15
9 16
3 10
5 10
15 17
13 14
4 10
5 12
10 11
8 17
5 13
9 14
3 14
1 16
3 13
4 16
9 13
7 9
3 5
6 17
4 7
3 17
13 18
15 18
1 9
12 12
7 11
5 11
7 16
11 11
7 12
5 17
8 13
1 5
4 8
7 10
12 15
9 16
2 16
10 16
4 5
8 18
4 6
4 17
1 17
2 13
9 18
14 16
3 10
4 14
2 7
7 15
2 11
3 8
7 16
12 13
6 6
3 18
5 6
4 13
9 10
2 11
13 13
13 16
7 13
6 7
100 100
60 60
11 11
80 80
44 44
19 19
53 53
33 33
77 77
1 1
26 26
57 57
83 83
72 72
14 14
94 94
68 68
82 82
54 54
16 16
87 87
35 35
50 50
64 64
30 30
65 65
40 40
74 74
10 10
9 9
84 84
8 8
66 66
98 98
46 46
45 45
86 86
43 43
32 32
2 2
71 71
28 28
15 15
3 3
75 75
25 25
48 48
6 6
12 12
38 38
88 88
85 85
89 89
34 34
73 73
91 91
79 79
100 100
22 22
63 63
23 23
76 76
93 93
13 13
78 78
41 41
5 5
55 55
27 27
17 17
67 67
69 69
92 92
56 56
21 21
52 52
81 81
49 49
59 59
42 42
70 70
20 20
90 90
4 4
51 51
62 62
36 36
39 39
47 47
7 7
18 18
24 24
96 96
61 61
95 95
37 37
29 29
99 99
97 97
58 58
31 31
45 84
31 77
52 65
5 48
48 55
54 69
2 64
25 40
27 30
79 79
33 50
19 81
20 54
36 49
78 81
41 71
9 74
32 62
45 83
42 65
4 22
5 36
23 45
28 59
14 67
18 50
22 37
19 51
3 84
5 80
27 49
34 84
7 46
32 61
16 38
28 82
22 72
46 49
26 64
37 50
5 47
22 69
29 35
23 74
47 54
3 50
3 2
1 2
1 2
1 1
100 100
10 80
60 95
13 71
30 50
46 55
42 54
7 75
89 92
57 65
10 34
10 59
19 52
10 59
10 34
5 12
24 65
10 17
18 24
27 92
24 85
73 84
18 31
72 76
10 80
71 86
1 9
5 44
64 99
60 93
19 61
30 50
20 68
47 99
35 55
73 83
54 74
16 42
42 47
72 76
5 37
10 17
73 84
16 42
23 31
18 31
2 23
6 61
25 85
60 93
5 37
57 89
23 31
32 64
19 61
57 65
73 83
47 99
20 77
35 94
71 86
19 52
54 74
42 47
25 85
16 65
46 61
24 77
24 65
64 75
64 75
16 65
20 77
46 61
28 100
89 92
24 85
18 24
32 64
24 77
43 95
64 99
6 64
7 75
35 55
5 12
46 55
28 100
42 54
43 95
35 94
57 89
6 61
13 71
1 9
6 64
20 68
60 95
27 92
5 44
2 23
100 100
22 23
83 93
37 43
58 69
10 79
4 77
63 93
13 87
60 73
90 91
36 39
28 34
96 98
31 61
53 80
45 81
18 60
50 66
36 44
15 93
67 92
6 92
14 85
4 68
68 86
5 73
24 62
43 49
64 98
42 56
43 74
56 57
38 70
43 48
14 35
7 75
20 85
46 66
35 50
5 15
85 85
60 70
34 71
20 89
6 36
4 40
45 98
64 80
40 95
19 39
29 63
7 16
3 76
74 92
38 70
49 95
20 60
86 91
28 42
43 85
57 83
9 47
74 76
74 88
37 73
11 78
1 17
85 90
91 93
80 98
46 71
24 64
62 82
71 76
47 98
50 59
55 66
8 54
8 72
26 42
11 15
38 76
12 57
48 70
26 28
38 58
49 89
29 31
2 74
36 69
30 84
68 81
37 96
2 33
50 51
39 84
17 82
50 58
4 80
50 75
100 100
33 84
56 77
14 44
48 87
81 92
95 98
4 26
2 59
29 63
30 62
10 48
19 62
37 71
32 78
36 45
39 87
41 97
56 70
13 73
23 52
23 64
11 52
68 90
37 91
36 55
16 83
17 59
16 50
2 21
34 72
27 53
76 88
54 54
60 82
13 25
67 100
16 96
51 93
20 31
10 30
28 30
65 95
11 22
17 33
61 85
15 26
6 71
69 85
3 76
32 60
61 67
46 84
34 44
7 69
27 100
67 83
30 75
65 80
64 97
5 74
20 56
12 52
23 80
9 41
38 73
55 72
6 58
3 99
36 93
17 40
2 4
92 99
58 89
41 57
37 47
5 73
66 85
46 69
9 74
42 84
29 86
18 32
68 85
6 49
29 38
20 79
49 75
35 98
2 18
24 59
12 81
8 76
15 54
5 48
43 100
43 94
59 77
1 73
44 83
28 83
100 100
26 37
2 48
52 59
33 43
15 48
38 60
7 24
33 44
3 55
21 82
11 82
3 36
33 78
40 67
96 100
46 46
52 80
20 50
30 60
39 86
36 95
71 83
4 52
23 33
27 34
29 33
26 96
11 76
27 52
78 83
23 36
26 46
40 67
32 48
3 20
12 34
15 87
14 57
6 36
51 96
30 82
43 74
13 68
15 36
25 76
24 28
59 67
14 88
62 74
15 22
58 69
8 65
4 67
89 92
28 91
19 54
4 83
81 81
8 51
3 45
74 99
32 58
55 91
15 74
44 92
13 30
30 75
53 69
47 55
68 68
16 59
11 17
4 16
35 91
51 63
40 48
52 61
38 59
26 60
14 29
44 51
19 92
30 48
38 83
51 76
5 89
25 31
63 69
42 96
34 44
44 49
17 56
67 97
30 41
1 42
34 72
23 77
1 35
70 73
17 70
100 12
6 9
7 12
8 12
7 11
10 12
1 8
6 11
1 2
6 10
2 3
7 12
2 11
3 5
1 2
3 8
4 8
3 8
7 11
5 10
5 11
1 8
2 12
8 12
4 12
7 8
1 10
7 9
1 10
8 10
7 8
3 12
1 5
1 6
3 10
5 11
2 4
8 11
2 10
1 4
2 6
3 6
10 11
1 3
1 12
10 12
5 5
8 9
7 7
5 12
1 12
1 3
12 12
6 6
7 9
5 6
5 9
1 5
6 8
3 11
8 9
1 6
3 3
4 5
9 10
4 12
9 11
2 9
4 10
4 8
9 10
1 4
6 10
6 12
8 10
8 8
2 7
3 7
5 10
1 11
2 10
1 7
6 8
3 10
5 8
4 6
10 11
4 5
2 12
2 4
2 5
6 9
2 3
5 8
3 6
9 11
5 9
2 9
6 11
3 11
8 11
64 8
6 7
6 6
8 8
3 8
1 1
1 2
2 7
2 4
7 8
3 4
3 6
4 7
1 7
1 5
5 7
6 7
4 5
3 6
4 8
3 7
3 4
1 6
2 3
1 5
2 6
2 8
1 8
2 8
3 3
1 3
4 8
3 7
1 4
6 8
4 6
7 8
2 5
7 7
5 6
5 8
4 5
1 3
2 7
1 2
5 6
2 2
5 5
4 7
2 5
2 6
2 3
1 4
1 8
4 4
3 8
5 7
1 7
3 5
6 8
4 6
1 6
5 8
3 5
2 4
100 13
5 12
1 10
2 11
10 13
2 3
1 7
5 5
5 11
10 12
3 4
8 9
4 10
6 12
8 12
3 12
2 5
1 3
11 11
1 11
10 13
7 7
6 11
4 9
11 12
2 3
8 10
3 13
6 9
5 13
1 8
4 5
2 7
1 2
3 6
2 5
3 8
10 12
5 9
7 9
8 11
9 9
4 5
7 11
9 11
3 5
12 13
11 12
12 13
3 13
2 6
4 10
5 8
6 13
3 12
1 4
6 8
7 8
5 10
3 6
1 9
3 5
1 9
4 12
9 11
8 12
10 11
6 13
1 5
8 10
7 10
6 10
3 9
5 12
3 8
6 11
9 10
7 13
5 9
2 13
3 4
11 13
4 7
8 11
3 10
11 13
13 13
6 7
1 2
2 6
4 11
10 11
6 6
7 11
4 12
3 10
1 3
2 13
1 11
9 10
6 10
100 100
37 91
44 57
15 50
75 80
26 75
47 68
50 63
31 67
6 60
28 47
72 84
28 80
57 83
28 92
23 98
9 18
27 87
24 60
46 91
3 88
15 82
25 87
1 7
58 65
18 63
20 45
47 86
19 68
53 67
14 92
27 44
1 84
71 72
25 85
18 39
57 90
18 28
57 59
94 96
71 99
26 89
13 82
45 99
1 14
24 73
76 90
62 64
53 72
11 86
4 91
73 76
49 60
17 60
25 66
3 27
78 90
86 91
62 91
11 18
31 61
53 72
88 96
68 74
75 97
50 96
12 19
25 71
32 75
26 33
32 97
31 64
24 93
15 96
97 97
26 65
64 91
49 62
25 85
20 24
39 74
48 86
9 62
59 79
41 41
22 60
22 72
94 95
46 78
53 56
28 43
8 89
15 74
9 68
69 82
73 89
6 22
35 77
57 90
9 54
5 76
25 92
43 88
81 89
28 76
67 71
10 87
14 46
13 27
55 88
33 68
6 18
38 46
6 90
38 46
6 14
26 83
36 71
30 91
2 69
49 60
72 91
7 51
9 28
35 60
45 76
27 73
100 100
1 51
1 63
1 83
1 61
2 100
1 47
2 28
1 27
2 50
2 70
2 52
2 38
1 59
2 66
1 77
2 6
2 72
2 46
1 33
2 20
2 34
1 89
1 29
1 5
1 49
2 98
1 97
1 1
1 11
2 86
2 92
1 87
2 94
1 9
1 55
2 36
2 82
2 10
2 16
1 53
1 93
2 96
2 64
1 73
1 67
1 45
2 78
1 25
1 23
2 80
1 3
1 13
2 12
2 56
1 99
1 43
2 62
2 22
2 76
1 19
1 65
2 90
2 24
1 35
2 30
2 60
2 32
1 91
2 88
2 26
2 18
2 58
1 21
1 75
2 8
2 4
1 69
1 37
2 84
2 74
2 44
1 17
2 42
1 15
2 54
2 68
2 2
1 7
1 85
2 14
1 71
1 39
1 79
1 81
2 48
2 40
1 57
1 31
1 95
1 41
2 100
1 2
1 1
100 100
17 59
20 29
78 85
7 8
19 37
89 90
45 83
31 51
17 66
9 95
38 80
13 58
92 97
34 95
33 89
25 65
41 81
38 44
9 39
59 86
12 53
22 94
44 81
51 78
71 91
60 61
37 91
65 86
76 98
35 52
40 75
30 40
70 93
39 89
52 94
50 94
54 83
1 2
6 25
18 58
25 60
33 39
83 95
46 74
39 40
26 64
4 42
18 29
23 75
30 52
33 38
1 15
11 11
70 91
32 81
11 64
91 98
50 53
28 55
64 81
26 81
27 75
87 97
56 92
25 46
24 40
36 93
50 96
8 17
9 93
35 39
27 34
60 95
81 91
28 60
26 97
45 86
90 92
80 96
8 34
29 52
65 80
37 100
21 79
19 31
57 62
76 88
58 96
34 98
48 92
2 29
13 37
22 90
12 88
51 96
62 92
44 84
2 25
82 90
23 65
44 19
9 13
9 13
3 12
10 17
1 14
12 17
3 11
8 12
3 12
4 10
11 11
9 12
1 19
4 10
2 2
4 13
11 14
3 17
17 18
12 13
7 17
5 13
13 13
7 12
2 12
11 12
2 13
5 18
2 14
5 15
3 13
13 16
4 12
4 6
3 6
1 18
8 18
4 9
7 11
16 19
4 8
5 18
1 7
10 17
3 68
11 23
44 46
60 64
100 100
1 16
1 38
1 37
1 59
1 64
1 24
1 28
1 98
1 69
1 2
1 75
1 62
1 12
1 80
1 35
1 60
1 73
1 45
1 72
1 36
1 9
1 47
1 92
1 48
1 94
1 4
1 95
1 83
1 52
1 76
1 86
1 44
1 71
1 34
1 20
1 99
1 13
1 43
1 54
1 31
1 1
1 77
1 57
1 78
1 46
1 55
1 82
1 49
1 68
1 15
1 11
1 42
1 51
1 84
1 3
1 10
1 25
1 30
1 27
1 17
1 88
1 23
1 89
1 21
1 6
1 39
1 58
1 61
1 87
1 91
1 33
1 22
1 50
1 85
1 100
1 53
1 79
1 41
1 66
1 19
1 5
1 96
1 74
1 32
1 93
1 70
1 7
1 40
1 18
1 26
1 8
1 14
1 81
1 65
1 97
1 63
1 29
1 90
1 56
1 67
64 100
87 94
87 93
84 97
91 93
86 93
88 99
89 94
87 92
88 95
84 99
84 95
85 94
90 97
87 97
84 94
85 92
88 96
88 94
84 93
86 95
91 98
88 98
91 94
85 98
86 94
84 98
87 98
89 96
90 94
85 97
91 95
90 96
87 96
90 93
90 99
86 96
89 93
86 99
85 96
90 92
91 96
87 99
91 99
84 96
89 98
90 95
88 97
85 93
88 92
86 92
89 92
85 99
89 99
89 97
88 93
84 92
86 98
86 97
91 92
91 97
87 95
90 98
89 95
85 95
100 100
12 49
1 78
4 94
59 96
14 75
21 86
12 91
7 9
45 99
40 40
13 68
49 59
31 100
21 74
25 68
38 91
6 30
86 92
44 84
14 63
62 80
24 97
37 71
79 89
49 54
18 70
55 55
78 81
64 68
29 74
73 82
67 94
9 21
60 96
4 33
89 93
63 77
60 100
39 76
5 14
52 79
34 90
94 96
65 82
33 92
48 83
5 56
5 79
16 22
28 84
42 74
68 69
22 85
75 90
45 99
62 64
37 94
1 55
16 26
29 30
14 87
37 75
4 75
13 77
17 28
84 95
20 45
17 56
20 59
28 32
5 60
35 67
36 43
68 98
42 57
59 99
54 62
27 96
23 60
6 96
31 50
62 76
29 51
24 59
22 75
46 56
71 80
36 64
33 53
39 43
38 58
20 47
92 97
83 83
48 64
66 71
38 91
42 48
51 88
14 15
16 4
1 2
2 4
1 1
2 2
1 4
1 4
3 3
4 4
1 3
2 3
3 4
1 2
2 3
2 4
3 4
1 3
100 100
54 90
24 57
66 92
33 84
34 87
38 57
26 55
28 75
6 43
14 66
76 85
76 85
9 38
58 59
50 57
75 87
9 18
67 96
4 96
77 99
25 68
55 99
54 64
9 38
66 92
75 87
55 99
67 96
7 85
54 67
57 62
1 62
58 59
6 88
3 4
3 47
39 97
54 64
49 50
6 88
25 64
54 67
54 75
17 38
61 86
77 99
2 68
6 78
35 43
39 97
4 96
40 57
25 68
18 20
14 22
14 32
26 96
6 79
30 46
2 68
9 13
25 64
38 57
3 47
40 57
9 13
1 62
18 40
38 63
6 79
61 86
28 75
31 54
38 63
31 54
26 96
71 90
14 22
9 18
71 90
7 85
14 32
6 78
50 57
57 62
14 66
18 20
54 75
30 46
35 43
17 38
6 43
18 40
26 55
24 57
3 4
49 50
54 90
34 87
33 84
100 100
1 92
24 60
60 83
15 82
43 74
48 99
8 21
60 89
81 95
38 45
62 89
34 82
31 45
3 69
47 99
15 85
75 98
22 51
18 70
30 88
6 57
7 37
2 58
19 74
11 91
23 75
51 75
7 65
53 79
79 85
11 75
31 80
68 81
12 46
25 59
5 75
17 95
7 37
8 28
39 50
81 88
37 88
22 32
82 83
53 97
52 86
15 96
50 90
22 48
38 53
36 77
25 38
38 68
31 81
2 9
19 47
34 48
35 60
43 75
19 45
83 96
73 95
18 77
38 61
29 53
61 61
65 96
83 86
26 72
75 81
67 85
87 90
37 61
6 64
45 82
48 96
20 24
66 68
6 63
61 76
76 89
34 77
22 41
29 43
75 91
36 80
48 73
45 56
89 89
29 93
46 61
80 90
22 35
6 72
53 99
45 85
3 73
51 68
7 43
27 90
