100
2
0.2500 0.5000 0.5000 0.2500
3
0.0000 0.0000 0.0000 0.0009 0.0013 0.1776
1
1.0000 0.1234
2
0.0971 0.8497 0.3041 0.2998
2
0.9997 0.9998 1.0000 0.9999
3
0.4445 0.3601 0.0396 0.0274 0.6470 0.8316
4
0.0036 0.9245 0.4913 0.6522 0.6331 0.4315 0.7283 0.0728
4
0.5687 0.7379 0.2041 0.9268 0.1970 0.3563 0.1970 0.9186
2
0.5000 0.5001 0.4999 0.5000
4
0.1553 0.5098 0.6028 0.4778 0.3623 0.6973 0.8328 0.7657
4
0.0001 0.0001 0.0001 0.0001 0.0001 0.0001 0.0001 0.0001
3
0.3285 0.3118 0.9227 0.3158 0.0603 0.2950
2
0.4508 0.3722 0.8793 0.4307
2
0.2914 0.7545 0.4003 0.6017
4
0.3679 0.7768 0.8137 0.1527 0.2295 0.3590 0.5713 0.1366
1
0.1234 0.9876
4
0.0516 0.9006 0.4457 0.9731 0.4320 0.0136 0.7885 0.8102
1
0.0000 1.0000
4
0.3466 0.7087 0.5033 0.8874 0.0100 0.0634 0.6669 0.9769
4
0.4005 0.4005 0.4005 0.4002 0.4004 0.3995 0.3998 0.4003
4
0.3998 0.4004 0.4003 0.4003 0.3998 0.4003 0.4001 0.4000
4
0.0793 0.7362 0.5349 0.1831 0.6094 0.0924 0.1364 0.1649
3
0.4931 0.5687 0.3423 0.6206 0.0189 0.4707
4
0.4446 0.7998 0.1371 0.2366 0.3256 0.3546 0.6085 0.9643
2
1.0000 1.0000 0.9999 0.9999
3
0.2866 0.1647 0.5420 0.3304 0.5878 0.1153
4
0.5556 0.6667 0.2222 0.3333 0.7778 0.8889 0.4444 0.1111
2
0.0470 0.3519 0.7280 0.3371
4
1.0000 0.0000 0.0000 0.0000 1.0000 0.0000 1.0000 1.0000
4
0.9810 0.9810 0.9810 0.9810 0.9810 0.9810 0.9810 0.9810
4
0.0007 0.0007 0.0007 0.0007 0.0007 0.0007 0.0007 0.0007
4
0.2783 0.1019 0.6870 0.8674 0.2582 0.2599 0.0983 0.4118
1
1.0000 1.0000
2
0.7999 0.9839 0.7334 0.1399
2
0.4184 0.7875 0.9253 0.5945
4
1.0000 1.0000 0.0000 1.0000 0.0000 1.0000 0.0000 1.0000
2
0.0796 0.0201 0.7862 0.3175
3
0.7498 0.2687 0.3237 0.2859 0.0717 0.6067
2
0.4378 0.0239 0.9260 0.7990
2
0.1029 0.0159 0.1827 0.2175
4
0.5000 0.4000 0.7000 0.6000 0.1000 0.0000 0.3000 0.2000
4
0.9281 0.3964 0.1716 0.0065 0.9073 0.1860 0.1834 0.1716
3
0.2137 0.1164 0.0634 0.3560 0.4952 0.1674
4
0.8413 0.3679 0.1184 0.3767 0.1173 0.9453 0.1986 0.8412
3
0.6768 0.4349 0.0422 0.1715 0.7724 0.6346
4
0.3989 0.3989 0.3989 0.3989 0.3989 0.3989 0.3989 0.3989
2
0.9737 0.2155 0.7840 0.7708
2
0.5001 0.5002 0.4999 0.5000
4
0.2637 0.6012 0.0634 0.0408 0.5923 0.4904 0.4755 0.8443
3
0.3255 0.6192 0.8783 0.2075 0.0791 0.2914
2
0.5000 0.5000 0.4999 0.4999
2
0.4441 0.8428 0.2114 0.5010
4
0.2365 0.6232 0.6807 0.0361 0.5277 0.8412 0.4644 0.4526
4
0.7369 0.7835 0.7454 0.9384 0.9953 0.4045 0.3812 0.0541
4
0.3997 0.3999 0.4002 0.4005 0.4003 0.4000 0.4003 0.3995
4
0.6966 0.3203 0.1322 0.7588 0.7423 0.3133 0.7021 0.2112
2
0.2135 0.8852 0.9057 0.4744
2
0.9999 1.0000 1.0000 1.0000
4
0.5000 0.2000 0.3000 0.6000 0.4000 0.7000 1.0000 0.1000
4
0.5274 0.7801 0.0998 0.3896 0.4976 0.9264 0.9929 0.1267
2
0.5973 0.4155 0.0547 0.2249
2
0.5000 0.0000 0.5000 1.0000
2
0.1450 0.6085 0.8739 0.1299
4
0.5001 0.4999 0.4997 0.5003 0.5000 0.4996 0.4998 0.5002
2
0.4047 0.9179 0.1374 0.2322
4
0.5000 0.5001 0.5002 0.4999 0.0000 0.4998 0.4997 0.4996
4
0.3039 0.1162 0.5768 0.4931 0.1917 0.9639 0.4288 0.2294
4
0.1840 0.8659 0.6710 0.0216 0.0871 0.3784 0.5621 0.2643
3
0.2448 0.6233 0.5022 0.7631 0.2566 0.9184
2
0.0120 0.2160 0.0357 0.5989
4
0.2627 0.6297 0.5759 0.4960 0.3497 0.7372 0.3521 0.4293
2
0.0001 0.0003 0.0002 0.0004
4
0.4996 0.4998 1.0000 0.5002 0.5001 0.5000 0.4999 0.4997
4
0.2310 0.7660 0.6247 0.6227 0.2114 0.0531 0.9245 0.7184
3
0.9980 0.5124 0.3260 0.0665 0.2640 0.4641
4
0.4003 0.4004 0.3997 0.4002 0.4000 0.3995 0.4000 0.4005
4
0.2355 0.0159 0.5834 0.7105 0.6321 0.1038 0.1794 0.7417
4
0.4999 0.4996 0.4997 0.4998 0.4999 0.4996 0.4998 0.4997
3
0.0286 0.4647 0.9551 0.7206 0.2840 0.6958
4
0.7558 0.9126 0.4361 0.5112 0.3825 0.4192 0.8092 0.6339
4
0.4002 0.4002 0.4001 0.3999 0.4000 0.3997 0.3997 0.4002
4
0.2496 0.3291 0.5796 0.5171 0.9452 0.8215 0.8107 0.7961
1
0.0000 0.0000
3
0.8731 0.3275 0.3950 0.9030 0.5711 0.9430
4
0.1108 0.7446 0.3710 0.6062 0.8911 0.7039 0.9276 0.3598
4
0.6000 0.5000 0.4000 0.4000 0.6000 0.6000 0.5000 0.4000
4
0.2718 0.7438 0.0354 0.6585 0.8946 0.4531 0.6974 0.4319
3
0.7335 0.1831 0.9436 0.6842 0.6997 0.9785
4
0.0158 0.2087 0.1246 0.7921 0.4270 0.8793 0.6772 0.2118
3
0.4275 0.4410 0.7272 0.9196 0.2859 0.2517
4
0.1966 0.4047 0.2283 0.5362 0.2005 0.1506 0.3452 0.3453
3
0.7657 0.8390 0.8171 0.4353 0.4415 0.3670
3
0.2238 0.6476 0.8098 0.6818 0.0789 0.5477
4
0.4455 0.3293 0.1253 0.8841 0.2521 0.2345 0.9308 0.4290
4
0.7988 0.9268 0.7886 0.8894 0.7148 0.3596 0.2605 0.9828
4
0.2877 0.5860 0.7732 0.1971 0.5496 0.2607 0.7447 0.7938
2
0.3140 0.5683 0.0954 0.5293
4
0.5062 0.4883 0.9956 0.6574 0.1231 0.2301 0.9024 0.5342
2
0.3732 0.4485 0.5860 0.9323
3
0.3696 0.3262 0.7539 0.4671 0.2997 0.1510
